1 22
1 20
1 19
1 28
1 21
2 24
2 21
2 21
2 20
1 21
1 18
2 29
1 21
1 19
2 20
2 24
2 19
1 21
2 22
1 22
1 22
1 25
1 18
2 23
1 25
1 21
2 20
2 25
2 22
2 26
2 24
2 20
2 25
2 21
1 19
1 24
1 18
1 19
1 28
1 21
1 20
2 22
1 21
2 18
1 12
2 16
2 12
1 16
2 12
2 12
2 16
2 16
1 12
2 16
2 16
1 16
2 12
1 16
2 12
2 16
1 16
1 12
2 16
1 12
2 12
2 16
1 12
2 12
2 16
1 16
2 26
1 21
1 25
1 26
2 27
2 26
1 19
2 25
2 23
2 21
2 20
2 23
1 20
2 21
2 20
2 23
1 24
2 20
1 27
2 22
1 24
2 28
2 28
2 20
2 20
2 23
2 16
1 24
1 26
2 24
2 25
2 23
2 26
1 20
2 25
1 18
1 25
2 23
2 24
1 25
2 21
1 25
2 18
2 23
2 28
1 25
2 24
1 25
1 25
2 21
2 25
1 21
2 18
2 23
1 18
2 16
1 20
2 24
2 23
2 22
1 18
2 20
1 24
2 21
1 18
2 20
2 18
2 25
2 21
1 23
2 27
2 22
2 25
1 21
2 21
1 20
1 25
2 19
2 20
2 24
2 21
1 22
2 23
2 18
2 21
1 18
2 22
2 20
2 27
1 19
1 24
2 26
1 28
2 22
2 23
2 28
1 21
2 29
2 26
1 23
2 21
2 28
1 24
1 20
2 21
2 21
2 24
1 21
1 26
1 18
2 20
2 21
2 26
2 26
2 26
2 20
2 24
2 24
1 22
2 25
2 20
2 21
1 19
2 27
2 20
1 20
2 24
2 25
1 26
1 26
1 21
1 24
1 16
2 12
2 26
2 22
2 27
1 19
2 26
2 20
2 19
1 26
2 23
1 26
2 24
2 26
1 22
1 27
2 28
2 24
2 20
2 21
1 18
2 18
2 23
2 25
2 22
1 26
1 27
2 23
2 21
1 20
2 20
1 20
1 18
1 22
1 22
1 21
1 26
2 23
2 24
2 18
2 20
2 23
2 24
2 22
1 20
2 18
1 19
2 22
1 24
2 26
1 23
2 22
1 20
1 20
2 26
2 30
1 20
2 21
2 24
1 22
2 21
1 23
2 26
2 24
2 21
2 26
1 21
2 24
1 21
2 21
2 26
1 25
1 24
2 25
2 29
1 25
1 23
2 22
1 18
1 19
1 23
1 20
1 23
2 21
2 28
2 25
1 20
1 23
1 19
1 21
2 27
2 23
2 20
2 21
2 21
1 19
2 20
1 20
2 20
2 21
1 18
2 18
1 21
2 24
2 22
2 25
1 24
2 21
2 21
1 26
1 18
1 21
2 24
2 20
2 20
2 22
1 21
1 24
2 19
2 21
1 22
2 26
2 23
1 18
2 22
1 24
2 20
1 19
1 21
2 23
2 20
2 19
2 25
2 21
2 26
2 18
1 27
2 23
2 20
1 20
2 27
1 18
2 20
1 18
2 28
2 20
2 29
2 20
1 24
2 20
2 22
1 24
1 23
2 25
2 24
1 18
2 24
2 18
2 18
2 20
2 26
1 24
2 18
2 24
1 21
2 19
2 26
2 21
2 27
1 26
1 21
2 18
1 23
2 21
2 20
2 20
2 20
1 25
2 24
2 20
2 21
1 26
1 26
2 20
1 22
2 21
2 21
2 22
2 21
1 20
1 25
1 27
2 26
2 25
2 21
1 21
1 24
2 28
2 21
2 21
2 28
2 24
2 22
1 20
2 20
2 29
1 25
1 28
2 24
1 22
2 27
2 27
1 21
2 25
2 22
2 21
2 23
1 25
2 20
2 24
2 20
2 23
2 23
2 18
2 21
1 21
1 18
2 21
2 18
2 21
2 18
2 29
2 29
2 24
2 18
1 26
2 23
2 19
1 19
2 20
1 19
2 18
1 24
1 21
1 24
2 24
2 27
2 25
1 21
2 23
2 26
1 24
1 24
1 21
2 29
1 21
1 21
2 27
1 19
2 22
1 18
2 22
1 21
2 21
1 20
1 21
1 24
2 24
1 18
2 19
1 21
1 29
2 21
2 18
1 18
1 20
1 25
2 20
2 20
2 25
1 12
1 21
2 24
1 21
1 22
2 25
1 21
2 21
2 21
2 27
1 20
2 21
1 19
2 20
2 23
2 22
1 23
2 20
2 18
1 24
2 21
2 24
2 22
1 20
2 21
1 21
2 22
1 19
2 19
2 21
1 21
2 25
1 27
2 12
2 25
2 25
1 24
2 23
2 19
2 23
1 19
2 21
1 21
2 27
2 21
1 23
2 26
2 20
2 20
1 19
1 19
2 26
1 22
2 20
2 28
1 26
2 24
2 23
1 23
1 27
2 27
2 22
2 20
2 22
2 22
2 24
2 20
1 27
2 23
1 26
1 21
2 18
2 21
2 18
2 20
1 24
2 26
2 26
1 21
1 18
2 21
1 20
2 22
2 26
2 25
2 23
2 20
1 24
2 24
2 20
2 21
1 19
1 20
2 22
2 21
2 26
2 26
2 23
1 21
2 26
1 21
2 26
2 24
1 21
2 27
1 26
2 26
2 20
2 22
1 22
2 20
1 24
1 26
1 21
2 21
2 27
2 22
1 20
1 18
2 21
2 27
1 26
1 25
2 21
1 21
2 18
1 19
1 25
1 20
1 18
1 25
2 22
2 22
2 23
2 18
2 20
2 21
1 26
2 21
2 20
2 25
1 21
2 21
1 18
1 26
2 23
2 20
2 25
2 25
2 27
2 18
1 26
1 18
2 18
1 21
1 21
1 23
2 24
2 20
2 24
2 23
2 23
1 24
2 27
2 26
1 21
2 23
2 26
1 24
2 23
1 20
2 22
1 24
2 26
2 19
2 24
2 27
1 21
1 26
1 19
2 24
1 19
1 20
1 25
1 26
1 26
2 22
1 24
1 26
2 20
1 24
2 24
2 21
2 22
2 21
2 20
1 23
1 20
2 18
2 26
2 23
2 24
2 20
1 23
1 22
2 21
1 20
1 28
2 20
2 24
2 21
2 26
2 22
2 22
2 20
2 21
1 24
2 20
1 26
2 21
2 21
2 24
2 22
2 27
2 18
2 19
2 18
1 24
1 21
2 20
2 20
2 18
2 23
2 25
2 23
2 20
2 21
1 24
2 21
2 22
2 25
1 21
1 26
1 20
1 21
1 29
2 22
2 24
2 24
2 22
1 25
1 24
2 21
2 21
2 18
1 24
1 20
2 24
2 26
2 27
1 24
2 21
2 25
2 25
2 24
2 29
2 20
1 21
2 22
2 25
2 19
2 23
2 22
2 24
1 24
2 26
2 27
2 22
2 19
1 27
2 26
1 22
1 23
1 21
1 20
2 19
1 21
2 24
1 24
2 21
1 21
2 25
1 23
2 20
1 24
2 20
1 23
2 18
1 26
2 19
2 20
2 21
2 21
1 18
2 19
2 18
1 21
2 25
1 24
2 24
2 24
1 18
1 18
2 25
1 21
2 26
1 22
2 26
1 21
2 21
2 20
2 21
1 26
2 22
2 20
2 29
2 20
1 25
1 21
2 21
2 28
2 21
2 19
2 27
1 21
2 26
2 24
2 21
1 21
1 20
1 21
1 26
2 22
1 25
2 27
2 20
2 25
2 21
2 24
1 25
1 24
1 21
2 24
1 18
2 23
2 22
2 20
2 20
2 19
1 18
2 18
2 20
1 21
1 22
2 21
1 18
2 25
2 23
1 20
1 21
1 26
2 22
2 26
1 20
2 27
1 20
2 18
1 28
2 20
2 19
1 19
2 22
1 28
1 27
2 24
2 24
2 24
2 28
2 22
2 22
1 24
2 24
2 28
2 23
1 20
2 28
1 28
1 26
1 18
2 19
2 25
2 18
2 22
1 24
1 21
2 28
1 22
2 22
1 22
2 23
2 21
2 24
2 23
2 22
1 24
2 25
2 26
1 20
1 26
2 28
2 20
1 20
1 21
1 22
2 25
2 20
2 24
2 21
1 25
1 19
1 21
1 22
2 19
2 26
1 22
2 20
2 23
2 21
1 21
2 21
2 21
2 21
2 19
2 24
2 19
1 21
2 21
2 16
1 27
1 24
1 18
2 27
2 20
1 21
1 21
2 18
2 21
1 20
1 28
1 22
2 21
1 19
2 19
2 27
1 21
1 22
2 21
1 25
1 20
2 22
2 18
2 27
2 21
2 24
2 20
2 21
1 22
1 19
2 18
2 20
1 26
2 20
1 16
2 27
2 20
1 22
2 26
1 21
2 20
1 28
2 18
2 18
2 28
2 19
2 24
2 23
2 23
2 20
2 19
1 21
2 20
2 20
1 19
2 23
2 26
2 20
2 20
2 19
1 22
2 22
2 26
1 20
2 27
2 29
2 18
1 21
1 25
2 25
1 23
2 21
2 20
2 18
2 24
2 21
1 28
2 20
2 20
1 26
1 19
2 12
2 28
2 24
2 22
2 18
2 19
2 20
2 26
2 20
2 20
2 23
2 20
2 25
1 26
1 26
2 21
1 28
2 20
1 20
1 27
1 23
1 21
1 29
1 27
1 29
1 19
2 22
1 18
1 25
1 20
2 19
1 18
2 27
1 27
1 24
2 20
2 20
2 22
1 24
2 24
2 25
2 25
1 19
1 18
2 22
2 26
2 18
2 20
1 21
1 21
1 12
2 16
2 12
2 16
2 17
2 12
1 16
2 12
1 16
2 16
1 16
2 12
2 12
1 16
2 12
1 12
1 12
2 16
1 12
1 16
1 16
1 12
2 12
2 16
1 12
1 12
2 12
1 12
1 16
2 16
1 12
1 12
1 12
1 16
2 16
2 12
1 12
2 16
2 16
2 16
1 16
2 12
1 12
1 12
2 12
2 12
1 12
1 16
2 16
2 12
2 12
2 16
2 12
2 12
2 16
2 16
1 12
2 12
1 16
1 12
2 12
1 16
2 16
1 16
2 12
2 16
1 12
2 16
1 12
1 12
1 16
2 16
2 12
1 12
