2.906 3.003 2466.0 2227.0
3.048 2.968 2196.0 2157.0
2.854 2.9 2859.0 2643.0
2.945 2.986 2304.0 2563.0
2.535 3.011 2428.0 2017.0
2.892 3.125 3582.0 2826.0
2.834 3.038 2003.0 1937.0
3.1 3.286 2136.0 1852.0
2.884 2.979 2053.0 2080.0
3.061 3.2 2033.0 2162.0
2.975 3.028 1896.0 1946.0
2.668 2.567 2871.0 2787.0
2.835 2.856 2373.0 2413.0
2.874 2.872 2340.0 2182.0
2.971 2.944 2564.0 2409.0
2.918 2.858 2172.0 2480.0
2.995 3.104 2043.0 2361.0
   
2.876 2.931 2399.0 2307.0
2.906 3.036 3033.0 3087.0
3.089 3.361 2283.0 2112.0
2.766 2.82 2458.0 2670.0
2.692 3.056 2256.0 1907.0
2.698 3.066 2920.0 2651.0
3.074 3.046 2023.0 2105.0
3.113 3.019 2051.0 2135.0
2.923 2.916 2499.0 2459.0
2.916 3.193 2607.0 2425.0
3.131 3.143 2067.0 2031.0
2.94 3.149 2161.0 2254.0
   
3.051 3.137 2393.0 2414.0
2.898 2.754 2183.0 1998.0
2.7 2.623 2284.0 2058.0
2.921 2.965 1954.0 1670.0
3.228 3.06 2239.0 2201.0
2.994 3.253 2307.0 2155.0
2.893 3.15 2200.0 2057.0
2.888 2.687 2476.0 2983.0
2.593 2.864 2069.0 1837.0
2.74 2.897 2507.0 2515.0
3.195 2.876 1873.0 2000.0
2.938 2.933 2396.0 2077.0
3.083 2.964 1917.0 1894.0
3.076 3.209 2211.0 2377.0
2.908 2.878 2277.0 2342.0
2.743 3.003 2668.0 2691.0
2.952 2.967 1834.0 1838.0
2.878 2.893 2173.0 2324.0
2.995 2.906 2050.0 2356.0
2.643 2.862 2901.0 3092.0
2.833 2.817 2759.0 2760.0
3.002 3.065 1985.0 2051.0
2.6 3.05 2084.0 1829.0
2.978 3.02 1862.0 2002.0
2.638 2.875 2369.0 2175.0
3.448 3.164 2484.0 2531.0
2.879 2.881 2033.0 2104.0
   
2.934 2.837 2111.0 2659.0
2.919 3.086 2460.0 2401.0
2.709 2.612 2251.0 2375.0
2.627 2.945 3154.0 2501.0
2.759 2.65 1971.0 2146.0
2.712 2.787 2600.0 2778.0
3.024 2.917 2573.0 2417.0
2.728 2.679 1904.0 2094.0
2.807 3.101 2282.0 2153.0
2.917 2.956 2276.0 2047.0
2.919 2.964 1968.0 2140.0
3.214 3.313 2419.0 2441.0
2.89 3.044 2782.0 2711.0
2.914 3.017 1938.0 1720.0
3.121 3.097 1799.0 1819.0
3.085 3.275 2360.0 2313.0
3.12 3.134 2312.0 2147.0
2.593 2.705 1690.0 1689.0
3.06 2.974 2351.0 2296.0
3.025 3.018 2280.0 2833.0
2.934 3.064 2705.0 2582.0
2.793 2.972 2325.0 2257.0
2.558 2.877 2244.0 2160.0
3.154 2.995 2168.0 2190.0
3.091 3.148 2615.0 2568.0
2.956 3.093 2331.0 2239.0
2.954 2.769 2003.0 2010.0
2.599 2.842 2500.0 2234.0
   
2.926 3.004 2622.0 3069.0
3.299 3.048 2052.0 2325.0
2.807 2.846 2551.0 2742.0
2.921 2.904 2261.0 2294.0
3.039 2.732 2015.0 2242.0
2.858 2.973 2459.0 2227.0
2.756 2.842 2631.0 2827.0
2.619 2.655 2076.0 2057.0
3.109 2.978 3006.0 2968.0
2.849 3.079 1908.0 1726.0
3.213 3.094 2814.0 3187.0
3.014 3.255 2800.0 2335.0
3.229 2.94 2504.0 2627.0
2.828 3.29 2098.0 1686.0
3.041 3.131 2126.0 1933.0
2.771 2.896 2418.0 2155.0
2.926 3.234 2568.0 2255.0
2.952 2.72 1952.0 2288.0
2.924 2.902 2205.0 2299.0
2.791 2.746 2212.0 2371.0
   
2.873 3.066 2183.0 2169.0
3.08 2.889 2203.0 2754.0
2.932 3.032 2057.0 1864.0
3.385 2.973 2566.0 2899.0
2.609 2.707 3042.0 3198.0
3.107 3.134 2539.0 2582.0
2.771 2.618 1931.0 2122.0
3.091 3.189 2005.0 2023.0
2.721 2.704 3065.0 3265.0
2.994 3.025 2197.0 1878.0
2.706 2.854 3069.0 2824.0
   
2.843 3.064 2292.0 2301.0
2.784 3.038 2509.0 2209.0
2.747 2.675 2469.0 2443.0
3.041 3.034 2161.0 2552.0
2.875 3.104 2988.0 2478.0
2.801 2.762 2823.0 3107.0
   
2.759 2.758 2282.0 2300.0
2.797 2.898 2266.0 2310.0
3.147 3.217 2706.0 2370.0
3.228 3.302 2007.0 1897.0
   
2.808 2.894 1903.0 2102.0
2.849 2.952 1903.0 2038.0
3.058 3.204 2271.0 2338.0
3.253 3.114 2312.0 1965.0
2.723 2.871 2387.0 2394.0
2.909 2.917 2413.0 2028.0
2.914 3.222 2149.0 1944.0
2.979 3.045 1852.0 2019.0
3.142 3.223 2309.0 2246.0
3.037 3.235 2350.0 2099.0
2.857 3.007 2807.0 2637.0
2.643 2.784 2632.0 2452.0
   
2.999 2.673 1921.0 2474.0
3.155 2.877 2121.0 2307.0
   
2.916 2.845 1906.0 2103.0
3.198 3.131 2388.0 2467.0
3.086 3.14 1946.0 1821.0
3.111 3.246 2062.0 2113.0
2.865 2.951 2357.0 2518.0
3.165 3.253 2725.0 2713.0
3.201 2.955 2468.0 2406.0
3.121 3.098 2252.0 2384.0
3.141 3.219 1934.0 2039.0
3.052 3.061 1976.0 2015.0
3.232 3.24 2086.0 2106.0
2.804 3.096 2590.0 2382.0
2.841 2.772 2132.0 2136.0
3.129 3.192 2137.0 2171.0
3.282 3.117 2227.0 2157.0
2.81 3.002 2246.0 2244.0
2.747 2.839 2878.0 3504.0
2.965 2.818 2697.0 2926.0
2.883 2.784 2084.0 2157.0
2.721 2.816 2418.0 2219.0
3.186 3.097 2626.0 2525.0
3.034 2.942 2271.0 2004.0
2.918 3.039 2059.0 2123.0
2.851 3.119 2389.0 2019.0
2.661 2.647 2488.0 2528.0
2.91 2.941 2226.0 2515.0
3.204 3.307 2711.0 2430.0
3.153 2.963 2114.0 2288.0
2.921 3.003 2244.0 2235.0
2.893 2.78 1923.0 2128.0
2.975 2.78 2027.0 2229.0
3.304 3.35 1939.0 2099.0
3.0 3.029 1869.0 2098.0
2.995 2.97 2433.0 2378.0
2.654 2.672 2033.0 1978.0
3.338 3.251 2359.0 1987.0
3.009 2.762 2163.0 2275.0
   
2.891 2.708 1952.0 2257.0
2.766 2.861 2722.0 3156.0
3.061 2.997 2457.0 2466.0
3.044 2.918 2222.0 2460.0
2.629 2.768 2320.0 2419.0
2.744 3.047 2431.0 2071.0
2.849 2.72 2348.0 2703.0
2.769 2.591 1986.0 2396.0
3.026 2.973 2263.0 2253.0
2.556 2.791 2647.0 2845.0
2.72 2.957 2446.0 2136.0
3.06 3.051 2330.0 2514.0
3.126 2.979 2582.0 2832.0
3.061 2.966 2249.0 2525.0
   
2.838 2.991 2308.0 1993.0
3.086 3.042 2496.0 2980.0
2.849 2.938 2213.0 2095.0
3.016 3.195 2786.0 2594.0
2.732 2.761 2123.0 2185.0
   
   
2.99 3.059 2180.0 2144.0
2.913 2.97 2196.0 2047.0
2.956 2.949 2311.0 2386.0
3.163 3.172 2099.0 2153.0
2.741 2.93 1970.0 1906.0
2.952 3.166 2602.0 2608.0
2.918 2.93 2067.0 2014.0
2.906 2.764 2254.0 2613.0
2.847 3.019 2024.0 1917.0
2.738 3.129 2435.0 2106.0
2.765 2.987 2450.0 2143.0
2.969 2.969 3050.0 2613.0
2.896 2.909 2346.0 2425.0
3.085 3.161 2406.0 2410.0
2.856 3.141 2730.0 2427.0
2.57 2.58 2554.0 2257.0
2.936 2.903 2089.0 2100.0
3.017 3.17 3045.0 2631.0
2.932 3.068 2497.0 2214.0
2.595 3.041 2293.0 2351.0
2.534 2.677 2084.0 1861.0
2.801 2.741 2510.0 2581.0
2.683 2.875 2345.0 2118.0
2.978 2.793 1984.0 2127.0
   
3.082 3.082 3236.0 3194.0
3.161 3.223 2175.0 2067.0
2.925 2.956 2743.0 2505.0
3.108 3.12 2372.0 2275.0
2.967 3.02 2027.0 2044.0
3.054 3.176 1974.0 1848.0
2.848 3.048 2434.0 2444.0
   
2.929 3.038 2724.0 2590.0
   
2.955 3.115 2434.0 2376.0
2.832 2.925 2129.0 2107.0
3.1 2.964 2027.0 2134.0
2.849 3.034 2451.0 2244.0
2.66 2.937 2464.0 2174.0
2.893 3.179 1843.0 1613.0
3.128 3.08 2534.0 2442.0
3.16 2.787 2268.0 2330.0
   
2.844 2.636 2091.0 2193.0
2.996 2.752 2298.0 2494.0
2.886 3.091 3061.0 2636.0
3.087 3.103 2266.0 2251.0
3.028 3.044 2837.0 2682.0
2.676 2.888 2513.0 2201.0
2.497 2.406 2496.0 2529.0
2.776 3.091 2210.0 1939.0
2.938 2.835 2247.0 2597.0
2.97 2.944 2063.0 2031.0
3.04 2.895 1906.0 2229.0
3.039 3.031 2158.0 2419.0
   
3.178 3.048 1917.0 2296.0
2.808 3.186 2594.0 2229.0
2.905 2.819 2138.0 2503.0
2.791 2.842 2538.0 2254.0
2.793 2.805 2270.0 2276.0
2.932 3.154 2662.0 2533.0
2.762 3.109 2097.0 2257.0
2.802 2.864 2159.0 2237.0
3.02 2.981 2191.0 2118.0
2.616 2.929 2511.0 2229.0
2.885 2.937 1978.0 1915.0
2.888 2.91 2675.0 2593.0
3.178 3.054 2543.0 2441.0
2.903 2.645 2504.0 2809.0
3.06 3.154 1995.0 2038.0
3.171 2.887 2150.0 2531.0
   
2.829 3.013 3298.0 3533.0
2.681 2.712 2313.0 2317.0
2.921 2.992 2188.0 2115.0
3.05 2.788 2007.0 2061.0
3.128 3.1 2464.0 2150.0
3.109 3.227 1865.0 1933.0
2.708 2.73 1901.0 1982.0
3.039 2.869 2760.0 3315.0
3.16 3.088 2245.0 2069.0
2.742 2.846 2464.0 2297.0
3.16 2.947 1724.0 1762.0
3.191 2.893 2414.0 2274.0
2.817 2.895 2645.0 2433.0
2.871 2.935 2744.0 2600.0
2.696 2.912 2531.0 2293.0
3.434 3.341 2622.0 2603.0
2.785 2.967 2379.0 2159.0
3.101 2.857 2260.0 2044.0
2.127 2.587 2699.0 2177.0
2.728 2.651 2357.0 2404.0
2.878 3.077 2445.0 2388.0
3.19 3.169 2660.0 2313.0
3.049 3.077 1844.0 1879.0
3.0 2.918 2547.0 2604.0
2.744 2.929 2446.0 2269.0
2.909 3.007 2175.0 2140.0
2.942 2.985 1678.0 1926.0
3.001 3.007 2643.0 2654.0
2.777 2.675 2476.0 2738.0
2.767 2.673 2185.0 2222.0
3.1 2.53 2199.0 2233.0
3.195 3.153 2441.0 2105.0
2.915 3.209 2010.0 1907.0
3.07 3.058 2121.0 2002.0
3.112 3.055 2521.0 2277.0
2.68 2.821 2308.0 2093.0
3.082 2.952 2429.0 2186.0
3.057 2.886 2161.0 2506.0
3.022 2.994 1668.0 1824.0
3.287 3.158 2047.0 2320.0
2.813 3.074 2284.0 2118.0
3.049 3.161 1982.0 2075.0
2.913 3.075 2550.0 2256.0
3.38 3.149 1848.0 1996.0
2.73 2.651 2677.0 2823.0
3.035 3.158 2173.0 2367.0
3.087 3.05 2305.0 2070.0
3.06 3.31 2562.0 2301.0
3.336 2.947 2015.0 2234.0
3.294 3.138 2911.0 2851.0
2.872 3.068 2515.0 2153.0
2.797 2.841 2059.0 1803.0
2.623 2.667 2018.0 2056.0
3.015 3.112 2167.0 2168.0
2.942 3.16 2636.0 2373.0
3.014 3.097 2238.0 2083.0
3.205 3.253 2434.0 2416.0
3.325 3.323 2525.0 2511.0
2.668 2.826 2138.0 1932.0
2.858 2.885 2323.0 2068.0
2.981 3.039 2104.0 2095.0
   
2.782 2.956 2399.0 2347.0
2.982 2.747 2001.0 2307.0
2.838 2.894 2111.0 2167.0
2.851 3.047 2422.0 2274.0
2.738 3.004 2187.0 1944.0
2.974 2.924 2209.0 2236.0
3.381 3.38 2202.0 2253.0
2.788 2.537 1863.0 2431.0
2.728 2.85 2809.0 2394.0
3.014 2.594 1932.0 2669.0
2.937 3.166 2767.0 2262.0
2.848 3.054 2277.0 2087.0
2.954 3.065 2309.0 2149.0
3.092 2.99 2755.0 2420.0
3.276 3.194 2171.0 2078.0
2.808 2.853 2104.0 2162.0
2.81 2.781 2651.0 2985.0
2.85 3.208 2500.0 2473.0
3.24 3.181 2161.0 2289.0
2.956 3.076 2249.0 2052.0
2.83 2.776 2201.0 2241.0
3.079 3.112 2104.0 2027.0
3.004 3.175 2227.0 2344.0
3.092 3.056 1876.0 1959.0
3.005 2.91 1985.0 2011.0
3.267 2.915 1737.0 1909.0
2.981 2.953 1830.0 1930.0
3.165 3.195 2268.0 2127.0
3.243 2.87 1908.0 2708.0
2.871 2.723 2083.0 2043.0
   
2.753 2.967 2438.0 2200.0
2.476 2.601 3040.0 2866.0
2.581 2.673 2167.0 2195.0
3.089 2.961 1843.0 2013.0
3.235 3.196 2561.0 2583.0
3.1 2.735 2326.0 2600.0
2.918 2.902 2134.0 2106.0
2.981 2.918 2304.0 2474.0
2.908 2.912 1914.0 1978.0
2.945 2.928 2279.0 1921.0
2.784 3.146 2323.0 1935.0
3.088 2.96 2364.0 2026.0
2.867 2.965 2133.0 2029.0
2.745 2.824 2746.0 2527.0
2.886 2.807 2188.0 2288.0
3.02 3.204 2060.0 1905.0
2.71 2.483 1995.0 2087.0
3.168 3.291 2499.0 2099.0
3.039 3.17 2171.0 2148.0
   
2.965 3.106 2180.0 2086.0
2.936 3.071 2565.0 2316.0
3.105 2.97 2385.0 2395.0
2.779 2.992 2628.0 2236.0
2.929 2.992 2411.0 2419.0
2.665 2.892 1942.0 1785.0
2.734 2.911 2178.0 2147.0
3.36 3.178 2238.0 2801.0
2.969 3.045 2626.0 2314.0
2.923 2.953 2139.0 2028.0
2.74 2.763 2553.0 2306.0
3.041 2.908 2028.0 2055.0
2.796 2.902 2495.0 2562.0
2.877 2.877 2252.0 2523.0
2.874 2.972 2209.0 2153.0
3.145 3.002 2301.0 1964.0
2.767 2.855 2125.0 2464.0
   
3.202 3.0 2234.0 2332.0
   
3.336 3.118 2133.0 2245.0
2.835 3.003 2498.0 2337.0
2.773 3.013 2169.0 2111.0
2.333 2.41 2873.0 2992.0
3.052 2.965 2322.0 2238.0
3.038 3.109 3132.0 2232.0
2.929 2.961 1882.0 1807.0
3.22 2.642 2405.0 2876.0
2.962 2.847 2036.0 2030.0
3.098 3.288 2447.0 2318.0
2.612 2.556 2604.0 2949.0
2.773 2.756 2139.0 2466.0
2.777 2.972 2888.0 2431.0
3.431 3.077 2210.0 2374.0
   
2.715 2.958 2293.0 2194.0
3.185 2.999 2305.0 2333.0
2.655 2.614 2416.0 2506.0
2.918 2.684 2019.0 2500.0
2.562 3.137 2358.0 2274.0
2.917 3.343 3129.0 2570.0
2.723 2.992 2381.0 2072.0
2.893 3.024 2056.0 2121.0
2.872 2.836 2530.0 2971.0
3.057 3.021 2443.0 2726.0
2.866 2.976 2626.0 2596.0
2.745 2.856 2276.0 2706.0
3.043 2.916 2181.0 2115.0
2.764 3.119 2003.0 1785.0
3.116 2.979 2562.0 2572.0
2.804 2.749 2216.0 2161.0
   
2.798 2.902 2001.0 2034.0
3.257 3.13 1987.0 2022.0
2.764 2.823 2388.0 2302.0
2.941 3.068 2712.0 2282.0
2.741 2.598 2777.0 3344.0
2.774 2.524 2551.0 2393.0
3.299 3.26 2303.0 2208.0
2.819 2.993 2048.0 2116.0
2.955 2.994 2461.0 2073.0
3.319 3.385 2303.0 2197.0
3.127 3.083 2125.0 2148.0
2.73 2.854 2662.0 2649.0
2.702 2.851 2272.0 2223.0
2.791 2.934 2002.0 1928.0
3.272 2.96 2143.0 2394.0
3.044 2.727 1932.0 2084.0
2.823 2.886 2013.0 2008.0
2.995 2.938 2338.0 2443.0
2.973 3.047 2211.0 2234.0
   
3.035 3.037 2129.0 2000.0
2.54 2.57 2508.0 2567.0
3.18 2.983 2004.0 2090.0
2.831 2.953 2797.0 2435.0
3.02 2.997 2440.0 2461.0
   
2.867 3.06 2649.0 2351.0
   
2.824 2.876 2253.0 2668.0
2.734 2.846 2894.0 2755.0
2.879 2.622 2083.0 2202.0
2.816 3.05 2582.0 2131.0
2.913 2.748 2791.0 2992.0
2.767 2.829 2475.0 2358.0
3.019 3.001 2071.0 2062.0
   
3.15 2.959 2494.0 2501.0
3.081 2.893 2499.0 2554.0
2.917 2.873 2248.0 2035.0
3.311 3.096 2185.0 2284.0
3.015 2.926 2514.0 2265.0
2.731 2.775 2597.0 2543.0
3.018 2.901 2014.0 2054.0
2.752 2.976 2051.0 2072.0
2.941 3.213 2583.0 2264.0
3.092 3.033 2451.0 2528.0
2.899 2.971 2342.0 2510.0
2.585 2.673 2434.0 2588.0
2.889 2.967 2082.0 2083.0
2.875 2.991 2266.0 2323.0
2.711 2.922 2315.0 2159.0
2.745 2.808 2231.0 1884.0
2.651 2.773 2189.0 1930.0
3.003 2.604 2194.0 2324.0
2.884 2.962 2643.0 2588.0
2.938 2.798 2027.0 2344.0
3.118 2.868 2191.0 2360.0
2.756 2.888 2632.0 2508.0
3.051 3.17 2103.0 1899.0
3.062 3.067 2095.0 2120.0
   
2.915 3.044 2240.0 2229.0
3.293 3.279 2140.0 2142.0
2.864 2.91 2523.0 2349.0
2.787 2.899 1980.0 1887.0
3.009 3.053 1977.0 2220.0
   
2.907 2.972 2152.0 2122.0
3.27 3.039 2223.0 2367.0
2.898 2.708 2549.0 2684.0
2.656 2.954 2881.0 2466.0
2.696 2.865 2130.0 2130.0
3.033 3.078 1976.0 2067.0
2.795 3.013 2407.0 2157.0
2.65 2.814 2921.0 3027.0
2.634 2.835 2477.0 2299.0
2.708 2.607 2681.0 2989.0
2.686 2.724 2048.0 2240.0
   
   
2.564 2.902 2338.0 2277.0
2.775 2.647 1927.0 2189.0
3.071 3.075 1901.0 2092.0
2.819 2.81 2348.0 2296.0
2.837 2.976 2117.0 1973.0
3.168 3.172 2464.0 2461.0
2.722 3.003 2209.0 1998.0
3.02 3.092 2086.0 2270.0
2.769 3.223 2117.0 1789.0
2.732 2.9 2396.0 2320.0
2.849 2.7 2593.0 2909.0
2.888 2.902 2336.0 2660.0
2.986 2.899 2332.0 2246.0
3.078 3.182 1860.0 1910.0
2.618 2.407 2880.0 3664.0
2.834 2.97 2054.0 2067.0
3.289 3.01 2320.0 2542.0
3.216  3381.0 
2.865 2.877 2756.0 2556.0
3.171 3.02 2199.0 2138.0
2.668 3.088 2919.0 2523.0
2.661 2.631 2884.0 2734.0
3.003 2.705 1904.0 2109.0
2.849 3.008 2034.0 2086.0
   
   
2.722 2.763 2400.0 1992.0
2.958 2.862 2176.0 2249.0
2.864 2.959 2853.0 2559.0
2.928 3.183 2630.0 2524.0
2.752 2.921 2451.0 2011.0
   
2.996 3.027 2540.0 2422.0
3.103 3.139 2347.0 2214.0
2.654 2.94 2348.0 1988.0
3.051 3.049 2427.0 2324.0
3.007 2.971 2149.0 2195.0
2.667 2.747 2658.0 2493.0
2.916 3.042 2304.0 2033.0
2.913 2.86 2248.0 2165.0
2.939 2.88 1644.0 1799.0
3.023 3.022 2669.0 2581.0
2.952 2.991 2479.0 2204.0
2.944 3.048 2046.0 2047.0
3.116 3.309 2086.0 2141.0
2.714 2.776 1902.0 1874.0
2.766 2.917 2734.0 2486.0
2.925 3.04 2327.0 2312.0
2.606 3.073 2985.0 2485.0
2.888 2.912 2058.0 2152.0
   
2.961 3.13 2056.0 2414.0
2.758 2.659 2079.0 2939.0
2.768 2.747 2387.0 2590.0
2.726 2.874 2568.0 2620.0
3.143 3.112 1790.0 1828.0
3.036 3.133 2009.0 1921.0
2.95 2.854 1694.0 1896.0
2.863 2.951 2420.0 2743.0
   
2.826 2.897 2800.0 2578.0
2.99 2.986 2053.0 2101.0
3.044 3.312 2281.0 2150.0
2.797 2.594 2571.0 3336.0
2.799 2.919 2171.0 2390.0
2.825 3.002 2510.0 2413.0
2.59 2.975 2649.0 2106.0
2.795 2.951 2224.0 2002.0
2.946 2.857 2317.0 2447.0
3.125 3.202 2623.0 2460.0
2.768 3.121 2350.0 2138.0
2.8 2.867 2624.0 2544.0
2.847 3.103 2755.0 2489.0
2.777 3.022 2406.0 2127.0
2.891 2.945 2264.0 2217.0
3.009 2.747 2914.0 2467.0
2.626 2.787 2322.0 2029.0
3.38 2.919 2116.0 2510.0
2.964 3.061 2287.0 2226.0
2.572 2.734 2504.0 2529.0
2.911 2.977 2186.0 2155.0
2.987 2.989 2092.0 2011.0
2.804 2.792 2097.0 2040.0
2.862 2.931 2597.0 2455.0
3.03 2.953 2323.0 2325.0
2.963 2.688 2275.0 2562.0
3.028 2.802 1882.0 2595.0
3.124 3.271 2194.0 2151.0
3.21 2.885 1772.0 1944.0
3.022 3.046 2119.0 2209.0
3.233 3.28 2088.0 2031.0
2.924 2.77 2554.0 2577.0
2.777 2.626 2431.0 2289.0
2.983 2.709 2371.0 2397.0
2.852 3.063 2387.0 2389.0
3.057 2.898 1864.0 1953.0
3.135 3.283 2409.0 2072.0
2.908 2.941 2423.0 2152.0
2.74 2.8 2276.0 2066.0
3.097 2.834 2200.0 2408.0
2.9 2.902 2208.0 2351.0
2.979 3.041 2334.0 2139.0
2.943 2.787 2037.0 2043.0
2.756 2.974 2640.0 2177.0
2.997 3.063 2364.0 2149.0
2.886 2.81 2111.0 2018.0
3.135 2.666 2059.0 2311.0
3.014 2.849 2092.0 2126.0
3.106 3.18 2008.0 2089.0
2.82 3.101 2366.0 1887.0
2.827 2.953 2736.0 2508.0
2.84 2.92 2622.0 2494.0
2.837 2.957 2686.0 2399.0
3.133 3.005 2022.0 2246.0
2.739 2.795 2641.0 2379.0
3.13 2.915 1971.0 2048.0
2.791 2.95 2697.0 2413.0
2.985 2.749 2009.0 1998.0
2.866 3.2 2015.0 1886.0
2.726 3.04 2259.0 2204.0
2.811 2.814 1858.0 1902.0
3.159 3.028 2285.0 2195.0
3.123 3.146 1981.0 2023.0
3.176 3.149 2385.0 2617.0
2.684 2.791 2562.0 2363.0
2.933 2.881 2615.0 3028.0
3.02 2.719 2029.0 2551.0
2.959 3.021 2025.0 2061.0
2.728 2.723 2246.0 2282.0
2.679 2.689 2175.0 2117.0
2.952 2.942 2088.0 2703.0
3.31 3.197 2255.0 2210.0
2.96 3.156 2329.0 1782.0
3.144 3.144 1914.0 1840.0
3.104 3.138 2198.0 2365.0
2.775 2.788 2598.0 2407.0
2.991 3.093 2517.0 2329.0
2.806 3.058 3041.0 3012.0
2.872 2.641 2227.0 2166.0
2.952 2.786 2338.0 2482.0
2.815 2.99 2832.0 2472.0
3.066 3.05 1988.0 2091.0
2.897 3.027 2369.0 2313.0
3.1 3.188 2056.0 1839.0
2.933 3.011 2414.0 2426.0
2.937 2.825 1808.0 2329.0
3.236 2.9 1819.0 2207.0
2.914 3.084 2259.0 2133.0
2.771 3.23 2603.0 2238.0
3.06 3.083 2799.0 2497.0
   
2.728 2.846 2353.0 2590.0
2.887 3.094 2535.0 2205.0
2.975 2.816 1872.0 1956.0
2.896 3.072 2380.0 2355.0
2.77 2.912 1895.0 2112.0
3.244 3.154 2085.0 1924.0
3.264 3.262 2063.0 1998.0
3.041 2.963 2285.0 2370.0
3.273 3.228 2116.0 2169.0
2.672 3.097 1801.0 1543.0
2.857 2.81 2279.0 2342.0
2.852 3.115 2757.0 2517.0
3.225 3.199 2277.0 2261.0
2.778 2.866 1712.0 1929.0
2.898 3.008 1886.0 1933.0
2.822 3.002 2289.0 2169.0
3.106 3.221 2532.0 2357.0
2.81 2.844 2104.0 2171.0
3.357 3.112 1979.0 2288.0
2.767 2.996 2347.0 2178.0
2.952 2.98 2408.0 2186.0
3.199 3.123 2226.0 2238.0
3.396 3.241 1931.0 1873.0
2.877 2.963 2846.0 2455.0
2.937 2.965 2013.0 2085.0
2.855 2.918 1655.0 1649.0
3.078 3.059 2112.0 2166.0
2.349 2.837 2505.0 1938.0
3.297 3.302 1859.0 1681.0
3.034 2.837 2105.0 2207.0
2.979 2.883 2148.0 2089.0
3.183 3.057 2056.0 2352.0
2.804 2.957 2216.0 1977.0
2.709 2.754 2234.0 2003.0
3.163 2.903 2058.0 2034.0
2.822 2.925 2900.0 2699.0
2.903 3.039 2521.0 2112.0
3.28 3.049 2293.0 2933.0
2.635 2.961 2431.0 2162.0
3.038 3.104 2089.0 2090.0
   
3.115 3.067 2272.0 2248.0
2.868 3.017 2706.0 2548.0
2.672 2.925 2630.0 2257.0
2.852 2.71 2868.0 2737.0
3.08 3.164 2388.0 2108.0
2.871 2.942 2185.0 2103.0
2.781 2.849 2260.0 2464.0
2.618 2.786 2538.0 2269.0
2.797 2.986 1981.0 1948.0
3.385 3.123 2134.0 2547.0
3.164 3.161 2084.0 2124.0
2.96 3.195 2276.0 2380.0
3.11 2.791 2253.0 2537.0
2.792 2.625 2549.0 2626.0
3.149 3.331 2374.0 2074.0
2.911 3.104 2167.0 1862.0
2.867 2.955 1951.0 2067.0
3.081 3.142 2045.0 2024.0
3.199 2.878 2304.0 2498.0
3.086 3.146 1965.0 1900.0
3.191 2.963 1810.0 2000.0
3.173 3.102 2427.0 2624.0
2.629 2.748 2092.0 2127.0
2.861 2.852 2433.0 2315.0
2.9 3.219 2242.0 2001.0
3.396 3.368 1983.0 1970.0
   
   
2.785 2.586 2152.0 2676.0
2.893 3.06 3053.0 2725.0
2.986 3.09 2436.0 2224.0
3.076 3.055 2552.0 2632.0
2.555 3.079 2607.0 2166.0
2.994 2.81 2842.0 3134.0
2.857 3.007 2209.0 1962.0
2.949 2.828 1997.0 1957.0
2.994 2.816 2120.0 2170.0
2.898 2.991 2465.0 2272.0
2.712 2.878 2550.0 2498.0
2.883 2.705 2192.0 2412.0
3.008 3.082 2219.0 2109.0
2.997 3.131 2557.0 2414.0
2.831 2.875 2478.0 2366.0
3.057 3.052 3312.0 3146.0
2.96 2.788 2253.0 2121.0
2.904 3.009 2348.0 2104.0
2.737 3.036 2081.0 1848.0
2.771 2.629 2697.0 2882.0
2.759 2.827 2186.0 2186.0
2.665 2.61 2811.0 3167.0
2.604 2.876 1974.0 1645.0
3.101 3.223 2566.0 2471.0
2.447 2.603 2312.0 2106.0
2.977 3.061 2101.0 2052.0
2.856 2.811 2223.0 2730.0
3.041 2.847 2599.0 2929.0
2.696 2.729 2695.0 2737.0
2.963 2.688 2362.0 2444.0
2.849 3.064 2479.0 2268.0
3.249 3.126 2782.0 2531.0
2.962 2.902 2465.0 2342.0
2.81 2.865 2202.0 2108.0
2.946 3.059 2255.0 2077.0
2.992 2.819 1817.0 1945.0
2.982 3.034 2639.0 2141.0
3.407 2.839 2539.0 3020.0
2.982 2.919 2116.0 2358.0
3.317 2.987 2129.0 2347.0
3.072 3.182 2758.0 2427.0
2.846 3.067 2461.0 2361.0
2.579 2.834 2547.0 2042.0
3.141 2.791 2056.0 2437.0
2.98 2.9 2133.0 2268.0
2.881 2.854 2125.0 2306.0
   
2.714 2.505 1722.0 1760.0
3.3 3.063 2070.0 1890.0
2.84 3.034 2407.0 2178.0
2.5 2.732 2858.0 2447.0
2.913 3.15 1832.0 1782.0
   
2.658 2.701 2852.0 2486.0
2.798 2.948 2728.0 2527.0
3.094 3.181 2556.0 2454.0
3.015 3.125 2304.0 1942.0
2.961 2.994 2336.0 1917.0
2.745 2.807 2623.0 2827.0
2.96 3.117 1772.0 1806.0
2.907 2.731 2891.0 3527.0
2.957 2.602 1832.0 2131.0
2.837 2.934 2596.0 2535.0
2.814 2.885 2161.0 2024.0
2.894 2.963 2309.0 2155.0
3.012 2.924 2142.0 2021.0
3.262 3.011 1857.0 2027.0
   
2.897 3.015 2353.0 2214.0
2.795 2.957 2870.0 2601.0
3.026 3.302 2392.0 2415.0
3.081 3.01 2551.0 2160.0
3.071 3.023 2250.0 2062.0
2.949 3.093 2015.0 1927.0
3.135 2.79 2322.0 2764.0
2.968 3.117 1854.0 1937.0
2.679 2.848 2041.0 2071.0
3.063 3.282 2275.0 2173.0
2.918 2.625 2078.0 2524.0
2.654 2.699 3093.0 3108.0
2.67 2.711 2482.0 2646.0
2.899 3.025 2541.0 2047.0
2.854 3.114 1980.0 2029.0
2.95 2.988 2091.0 2092.0
3.034 3.018 2624.0 2562.0
3.27 3.333 2702.0 2456.0
2.987 2.822 2183.0 2034.0
3.164 2.938 1955.0 2208.0
2.927 2.695 2518.0 2280.0
2.798 3.172 2071.0 2121.0
2.787 3.125 2812.0 2633.0
3.164 3.089 2093.0 2267.0
2.64 2.61 2678.0 2954.0
3.208 2.871 2134.0 2221.0
2.956 2.833 2185.0 2265.0
2.826 3.077 2930.0 2724.0
2.9 2.941 2161.0 2476.0
3.092 2.886 2360.0 2823.0
2.873 2.971 2066.0 2001.0
2.544 2.991 2167.0 1987.0
2.76 3.13 2215.0 1953.0
2.666 2.839 2831.0 2466.0
2.947 2.951 2231.0 2346.0
2.836 2.69 2389.0 2986.0
3.16 3.133 2384.0 2277.0
2.777 2.906 2255.0 2343.0
2.947 2.831 2060.0 2271.0
2.868 2.769 2263.0 2648.0
   
2.959 2.91 2232.0 2403.0
3.032 3.179 2438.0 2366.0
3.108 3.124 1790.0 1878.0
3.094 3.017 2113.0 2277.0
2.87 3.066 2286.0 2179.0
2.785 2.892 2132.0 2204.0
2.562 2.892 3276.0 2633.0
3.095 3.056 2665.0 2724.0
2.589 2.797 2631.0 2699.0
3.105 3.042 2049.0 2224.0
3.104 2.653 1977.0 2385.0
2.985 3.11 2109.0 1695.0
2.814 3.137 2527.0 2435.0
3.117 2.762 2249.0 2239.0
2.738 3.03 2281.0 2128.0
2.788 2.675 1963.0 1981.0
2.919 2.951 2599.0 2880.0
3.29 3.029 2174.0 2427.0
2.984 3.005 2509.0 2483.0
2.726 2.811 2304.0 2315.0
3.199 3.186 2208.0 2040.0
2.909 2.957 2202.0 2103.0
3.225 3.066 2187.0 2138.0
2.598 3.158 2805.0 2554.0
2.841 2.732 2443.0 2317.0
2.965 2.822 2239.0 2674.0
2.999 2.786 2785.0 2538.0
2.65 2.977 2786.0 2399.0
2.927 2.993 2569.0 2373.0
2.984 2.97 1865.0 2033.0
2.97 3.116 2640.0 2386.0
3.183 3.382 2691.0 2565.0
2.94 3.011 2241.0 2366.0
2.867 2.693 2118.0 2208.0
2.994 3.078 2266.0 2414.0
   
2.72 2.764 2238.0 2449.0
2.838 2.691 2405.0 2605.0
2.995 2.81 2074.0 2197.0
2.971 3.145 3014.0 2618.0
3.014 3.018 2271.0 2483.0
2.793 3.092 2305.0 1860.0
2.98 2.952 2172.0 2135.0
 2.842  3227.0
2.71 2.745 1901.0 1913.0
3.0 3.016 2504.0 2400.0
   
3.158 2.964 1891.0 1923.0
2.895 2.861 2122.0 2086.0
2.638 2.62 2397.0 2259.0
2.706 3.266 2134.0 2019.0
2.548 2.564 2134.0 2387.0
3.13 3.082 2140.0 2339.0
2.961 3.196 3421.0 2401.0
2.603 2.635 2625.0 2734.0
   
   
2.93 2.913 2236.0 2067.0
3.032 2.998 2421.0 2585.0
2.824 2.906 3207.0 3155.0
2.755 3.064 2319.0 2209.0
   
2.831 2.755 2185.0 2080.0
2.787 2.645 2628.0 2630.0
2.895 2.953 2415.0 2425.0
3.054 3.273 3009.0 2671.0
3.093 3.061 2182.0 2275.0
2.79 2.908 2382.0 2494.0
3.194 2.991 2020.0 2010.0
2.949 2.974 2167.0 2030.0
2.947 3.061 2005.0 2197.0
3.083 3.254 2408.0 2021.0
2.966 3.032 2140.0 2183.0
3.075 3.06 2372.0 2313.0
3.011 2.721 2276.0 2446.0
3.095 3.055 2240.0 2414.0
2.837 2.714 1962.0 2096.0
3.082 3.122 2368.0 2252.0
3.033 3.004 2307.0 2273.0
3.111 3.191 2407.0 2337.0
3.179 3.1 2874.0 2802.0
3.174 3.045 1907.0 2064.0
2.711 2.973 2724.0 2275.0
3.224 3.201 2673.0 2493.0
2.974 2.835 2469.0 2742.0
2.884 2.681 2240.0 2294.0
2.867 2.983 2718.0 2626.0
2.913 2.613 1926.0 2333.0
3.065 3.122 2089.0 2028.0
3.416 3.15 2387.0 2452.0
2.714 3.005 2861.0 2515.0
3.025 2.868 2017.0 2532.0
3.13 3.033 2455.0 2348.0
3.077 3.232 2622.0 2332.0
2.835 3.011 2554.0 2639.0
2.835 3.172 2179.0 1927.0
2.842 3.168 2323.0 1988.0
2.85 2.879 2206.0 2276.0
3.15 2.847 2460.0 2054.0
2.912 2.72 1961.0 2281.0
2.915 3.06 1921.0 1796.0
2.905 2.656 1952.0 2051.0
2.912 2.983 2403.0 2190.0
2.576 2.582 1969.0 2139.0
2.862 2.923 2255.0 2179.0
2.949 3.035 2660.0 2378.0
3.063 3.001 2091.0 2209.0
2.479 2.773 2460.0 2066.0
3.07 2.842 2098.0 2152.0
2.654 2.951 2489.0 2210.0
2.824 3.137 1989.0 1942.0
2.852 2.808 2516.0 2348.0
3.446 3.078 1842.0 2411.0
2.852 2.975 2481.0 2243.0
2.522 2.975 2023.0 1886.0
2.995 2.922 2318.0 2053.0
3.254 2.982 2014.0 2256.0
3.033 2.91 2301.0 2425.0
2.803 2.829 2317.0 2200.0
2.898 2.93 1843.0 1665.0
2.498 2.721 2029.0 2263.0
2.94 2.907 2306.0 2132.0
2.833 2.902 2212.0 2551.0
3.028 3.235 2417.0 1867.0
2.798 2.601 1962.0 2045.0
3.027 2.989 2113.0 2291.0
2.9 2.915 2071.0 2470.0
2.666 2.855 2612.0 2657.0
3.27 3.319 2713.0 2669.0
2.936 2.969 2330.0 2254.0
2.833 3.091 2605.0 2313.0
2.911 3.022 2327.0 2338.0
3.234 3.141 2843.0 3100.0
2.949 2.849 2082.0 2073.0
   
2.829 2.802 2695.0 2767.0
2.271 2.954 3127.0 2573.0
3.352 3.232 2173.0 2135.0
3.231 3.159 2523.0 2534.0
2.833 2.801 2279.0 2199.0
3.104 2.88 1958.0 1911.0
2.816 2.971 2309.0 2598.0
3.219 3.249 2303.0 2436.0
3.02 2.928 2344.0 2541.0
2.832 2.84 2306.0 2279.0
2.953 2.847 2197.0 2233.0
3.012 3.05 2334.0 2361.0
2.779 2.867 2706.0 2257.0
2.716 2.864 2164.0 2229.0
2.803 2.748 2430.0 2590.0
2.999 3.067 2914.0 2621.0
2.745 2.726 2303.0 2326.0
3.108 3.057 2281.0 2065.0
3.024 2.989 2353.0 2337.0
2.92 2.984 2400.0 2255.0
   
3.048 2.91 2516.0 2694.0
2.845 3.134 2255.0 2378.0
2.897 2.938 2429.0 2474.0
2.805 3.1 2513.0 2034.0
3.059 2.922 1707.0 1958.0
2.872 3.028 2587.0 2345.0
2.987 3.106 2447.0 2522.0
3.229 3.09 2510.0 2791.0
2.994 3.022 2414.0 2166.0
3.19 2.98 1808.0 1958.0
2.934 2.745 2408.0 2797.0
2.806 2.937 2358.0 2101.0
2.907 2.855 2186.0 2035.0
2.887 2.86 2330.0 2511.0
2.655 2.817 2558.0 2422.0
2.951 2.971 2313.0 2503.0
2.894 3.022 2336.0 2124.0
3.013 2.938 2197.0 2378.0
2.971 3.005 1788.0 1905.0
2.981 3.088 2046.0 2171.0
2.845 2.867 2135.0 2050.0
2.909 2.942 2209.0 2162.0
2.712 2.758 2491.0 2226.0
3.147 3.24 2138.0 2028.0
2.412 2.774 2713.0 2403.0
2.618 2.912 2423.0 2094.0
2.445 2.712 2148.0 2010.0
2.992 2.955 2514.0 2122.0
2.782 2.689 2383.0 2376.0
2.765 2.889 2392.0 2246.0
3.029 3.08 2319.0 2510.0
3.233 2.777 1983.0 2231.0
3.027 2.713 2160.0 2786.0
2.852 2.696 2047.0 2468.0
2.853 3.058 2005.0 2343.0
3.087 3.084 2280.0 2100.0
2.932 2.795 2510.0 3152.0
2.939 3.05 2227.0 2233.0
2.746 2.733 2401.0 2835.0
2.989 2.911 2499.0 2761.0
3.001 3.067 2653.0 2326.0
2.985 2.835 2076.0 2152.0
2.938 2.832 2428.0 2806.0
2.836 3.1 1859.0 1962.0
2.865 2.882 1902.0 1859.0
2.948 2.989 1967.0 1899.0
2.846 2.76 2182.0 2517.0
2.703 2.698 2416.0 2421.0
2.779 2.79 2848.0 2606.0
2.418 2.785 2452.0 2214.0
3.016 3.023 2114.0 2381.0
   
2.909 3.128 1684.0 1577.0
2.766 2.671 2729.0 2832.0
2.917 2.908 2106.0 2193.0
2.877 2.952 2276.0 2190.0
2.797 3.208 2125.0 1991.0
2.905 3.009 2594.0 2036.0
   
3.178 3.206 1883.0 1931.0
   
2.944 2.968 2459.0 3253.0
3.045 3.007 1998.0 2098.0
2.414 2.797 1934.0 1870.0
2.566 2.867 2078.0 1831.0
2.671 2.945 2646.0 2186.0
2.651 2.911 2909.0 2472.0
2.603 2.908 2747.0 2368.0
2.638 3.212 2410.0 2289.0
3.157 3.008 2384.0 2452.0
3.004 3.011 2475.0 2309.0
3.01 2.835 2102.0 2242.0
2.91 3.102 1902.0 1886.0
3.094 3.177 2648.0 2343.0
3.393 3.082 1674.0 1666.0
2.848 2.972 2458.0 2489.0
2.716 2.953 2399.0 2318.0
2.857 2.849 2134.0 2122.0
3.194 3.23 2157.0 2216.0
2.906 2.889 2413.0 2269.0
2.882 2.799 2253.0 2541.0
2.997 3.179 1853.0 1920.0
2.526 2.745 2358.0 2182.0
2.872 2.815 2292.0 2020.0
3.224 3.052 2035.0 2106.0
3.108 2.9 2273.0 2743.0
3.251 3.189 1907.0 2074.0
2.84 3.189 2301.0 1955.0
3.087 3.053 2198.0 2728.0
3.024 3.061 2316.0 2190.0
3.014 3.137 1964.0 2159.0
3.006 3.089 1931.0 1823.0
2.724 2.814 2260.0 2053.0
3.09 3.056 1919.0 2039.0
3.005 2.953 2111.0 2031.0
2.903 3.227 2220.0 2008.0
3.098 3.033 2030.0 1926.0
2.971 2.921 2010.0 2117.0
3.028 3.094 2225.0 2009.0
2.974 2.856 2363.0 2764.0
2.621 3.03 2504.0 2260.0
2.92 3.188 2357.0 2307.0
3.066 3.266 2234.0 2032.0
3.121 3.103 2326.0 2170.0
3.083 2.985 1880.0 2033.0
   
2.764 3.244 2738.0 2625.0
2.86 3.245 2271.0 2183.0
2.888 2.69 2234.0 2337.0
3.122 3.308 1973.0 1821.0
3.038 3.073 2500.0 2521.0
2.963 3.024 2210.0 2598.0
2.96 3.121 2368.0 1954.0
2.737 2.91 2724.0 2237.0
2.672 2.692 2054.0 2288.0
2.793 2.783 2310.0 2497.0
2.849 3.145 2180.0 2206.0
2.979 3.043 1941.0 1774.0
2.754 2.792 2779.0 2428.0
2.637 2.622 2403.0 2625.0
3.208 3.004 1846.0 1968.0
2.865 3.317 2079.0 1990.0
