2.888005578027673437e+00
2.895556037691960682e+00
2.902408591047333175e+00
2.908563766824045160e+00
2.914022558913245575e+00
2.918786425614030122e+00
2.922857288626062200e+00
2.926237532016898513e+00
2.928929999790227612e+00
2.930937994081489251e+00
2.932265272299105163e+00
2.932916043207342227e+00
2.932894963837270552e+00
2.932207134796954051e+00
2.930858096009274050e+00
2.928853820926406115e+00
2.926200711788169428e+00
2.885345573025460908e+00
2.892896008331888424e+00
2.899748537167795348e+00
2.905903688596481516e+00
2.911362456254835251e+00
2.916126298441156450e+00
2.920197137033653689e+00
2.923577355932650335e+00
2.926269799310091457e+00
2.928277769353485382e+00
2.929605023181693468e+00
2.930255769844393399e+00
2.930234666156820822e+00
2.929546813071283395e+00
2.928197750192907733e+00
2.926193451421681857e+00
2.923540318271989236e+00
