3.657197194893489767e-02
3.625651151772478487e-02
3.601085863484319860e-02
3.582338239543934877e-02
3.568355938317756271e-02
3.558197748266854477e-02
3.551034172672450084e-02
3.546148225338617566e-02
3.542936443030418603e-02
3.540910118399130668e-02
3.539696758465003812e-02
3.539041765511262427e-02
3.538810343464580954e-02
3.538989623395570605e-02
3.539691005859856021e-02
3.541152712047766771e-02
3.543742537035120266e-02
3.654558164659681141e-02
3.623044601086609917e-02
3.598499667665043533e-02
3.579760085286386173e-02
3.565773336696485829e-02
3.555598048429407798e-02
3.548404575441997666e-02
3.543475797137750349e-02
3.540208129569043238e-02
3.538112759465127100e-02
3.536817101396115548e-02
3.536066479951648078e-02
3.535726035268714484e-02
3.535782849305212083e-02
3.536348287913858301e-02
3.537660551593978242e-02
3.540087429157244558e-02
